cropped/orig/0.jpg 238.9725799560547,437.69293212890625,292.03192138671875,453.9964904785156,0.0||cropped/F208_0.jpg 252.27395629882812,254.39903259277344,276.65643310546875,273.28253173828125,0.0||cropped/F208_1.jpg 124.91050720214844,204.25929260253906,149.00958251953125,219.34893798828125,0.0||cropped/F208_2.jpg 337.69696044921875,197.1965789794922,369.0382080078125,207.00965881347656,0.0||cropped/F208_3.jpg 450.7841491699219,661.8160400390625,518.35595703125,682.9859008789062,0.0||cropped/F208_4.jpg
cropped/orig/1.jpg 669.5413208007812,587.7921752929688,774.13818359375,615.040283203125,0.0||cropped/AM7473_0.jpg
cropped/orig/2.jpg 185.85755920410156,320.7689514160156,247.11602783203125,355.6632080078125,0.0||cropped/AM6499_0.jpg 747.53515625,316.76123046875,822.2368774414062,337.1076965332031,0.0||cropped/AM6499_1.jpg 592.9612426757812,495.2773132324219,654.6100463867188,541.7325439453125,0.0||cropped/AM6499_2.jpg
cropped/orig/3.jpg 105.71458435058594,518.7738647460938,130.33226013183594,526.2064208984375,0.0||cropped/AM6289_0.jpg 805.0867919921875,537.0281372070312,900.4014282226562,587.2327270507812,0.0||cropped/AM6289_1.jpg 804.5545654296875,540.2808227539062,986.6865234375,598.9782104492188,0.0||cropped/AM6289_2.jpg
cropped/orig/4.jpg 374.0885925292969,642.5989379882812,496.4826965332031,741.0809326171875,0.0||cropped/AW6911_0.jpg
cropped/orig/5.jpg 645.6673583984375,550.6705932617188,761.3043823242188,581.815185546875,0.0||cropped/BW9899_0.jpg
cropped/orig/6.jpg 560.7598876953125,684.3113403320312,635.8152465820312,727.322509765625,0.0||cropped/AS22_0.jpg
cropped/orig/7.jpg 708.8151245117188,1022.711181640625,962.3060913085938,1104.034912109375,0.0||cropped/UF771_0.jpg 1819.6505126953125,336.04766845703125,1993.516357421875,385.9114685058594,0.0||cropped/UF771_1.jpg
cropped/orig/8.jpg 1186.8221435546875,1212.0057373046875,1414.541015625,1318.7684326171875,0.0||cropped/EWEDD1NG_0.jpg
cropped/orig/9.jpg 1269.237060546875,866.2100830078125,1452.3275146484375,979.2288818359375,0.0||cropped/BR9888_0.jpg
cropped/orig/10.jpg 436.07794189453125,983.5491333007812,645.6343994140625,1111.6796875,0.0||cropped/PJ1145_0.jpg
cropped/orig/11.jpg 1511.5916748046875,1036.3076171875,1661.649658203125,1143.513671875,0.0||cropped/VG1898_0.jpg 757.4609985351562,236.62879943847656,865.016357421875,343.43914794921875,0.0||cropped/VG1898_1.jpg
cropped/orig/12.jpg 1400.4608154296875,1012.6786499023438,1590.5648193359375,1120.2457275390625,0.0||cropped/UT145_0.jpg
cropped/orig/13.jpg 470.36419677734375,848.4140014648438,766.6727294921875,930.14794921875,0.0||cropped/LUP1N3_0.jpg
cropped/orig/14.jpg 467.8753662109375,1078.8665771484375,692.3159790039062,1243.511474609375,0.0||cropped/TE9404_0.jpg 808.7660522460938,849.5994873046875,1025.23828125,900.170166015625,0.0||cropped/TE9404_1.jpg
cropped/orig/15.jpg 581.621337890625,801.6614379882812,789.1005249023438,925.6537475585938,0.0||cropped/PM8359_0.jpg 799.5169677734375,564.108154296875,1030.2904052734375,646.8158569335938,0.0||cropped/PM8359_1.jpg
cropped/orig/16.jpg 1118.6448974609375,1338.2813720703125,1333.688232421875,1422.0396728515625,0.0||cropped/FY7748_0.jpg 1106.978759765625,151.7246551513672,1308.5455322265625,212.17051696777344,0.0||cropped/FY7748_1.jpg 42.1816520690918,1357.889404296875,236.27418518066406,1453.444091796875,0.0||cropped/FY7748_2.jpg
cropped/orig/17.jpg 332.9383544921875,712.5103759765625,455.2137451171875,774.3392333984375,0.0||cropped/VB8248_0.jpg
cropped/orig/18.jpg 1194.5020751953125,641.148681640625,1305.159423828125,696.46484375,0.0||cropped/VB8248_0.jpg 41.15242004394531,142.00474548339844,106.60211944580078,165.22958374023438,0.0||cropped/VB8248_1.jpg
cropped/orig/19.jpg 483.2201232910156,731.0105590820312,548.704345703125,751.4353637695312,0.0||cropped/RE1213_0.jpg 399.1722106933594,28.46994400024414,609.6087036132812,186.6990966796875,0.0||cropped/RE1213_1.jpg
cropped/orig/20.jpg 475.74920654296875,1087.1881103515625,625.9127807617188,1194.4959716796875,0.0||cropped/PM4932_0.jpg 1877.79443359375,596.2605590820312,1907.77001953125,609.7907104492188,0.0||cropped/PM4932_1.jpg
cropped/orig/21.jpg 1261.0399169921875,870.562255859375,1420.8546142578125,971.788818359375,0.0||cropped/PM4932_0.jpg
cropped/orig/22.jpg 973.7984008789062,761.8738403320312,1064.6710205078125,820.2911987304688,0.0||cropped/TR8657_0.jpg
cropped/orig/23.jpg 1144.3837890625,923.3226318359375,1258.168212890625,1012.6312255859375,0.0||cropped/TC9581_0.jpg
cropped/orig/24.jpg 465.9835205078125,1039.100341796875,718.209716796875,1118.127197265625,0.0||cropped/TW7636_0.jpg
cropped/orig/25.jpg 1256.6304931640625,1009.263671875,1405.4300537109375,1112.32958984375,0.0||cropped/TW7636_0.jpg
cropped/orig/26.jpg 414.7041931152344,1042.3016357421875,600.5098266601562,1098.0150146484375,0.0||cropped/SL519_0.jpg
cropped/orig/27.jpg 1512.2459716796875,780.9397583007812,1628.8626708984375,879.7916259765625,0.0||cropped/SL519_0.jpg
cropped/orig/28.jpg 340.86614990234375,1059.49365234375,478.59161376953125,1144.600830078125,0.0||cropped/JJ1366_0.jpg 308.6692810058594,1142.0645751953125,504.4143981933594,1215.1871337890625,0.0||cropped/JJ1366_1.jpg
cropped/orig/29.jpg 1422.7037353515625,824.3330078125,1535.2982177734375,904.594970703125,0.0||cropped/JJ1366_0.jpg
cropped/orig/30.jpg 817.828369140625,1289.514892578125,990.9590454101562,1350.0572509765625,0.0||cropped/MT65_0.jpg 1664.3697509765625,94.48900604248047,1964.6673583984375,281.0087585449219,0.0||cropped/MT65_1.jpg 180.61904907226562,278.561767578125,1231.965576171875,662.9585571289062,0.0||cropped/MT65_2.jpg
cropped/orig/31.jpg 270.49407958984375,834.6995239257812,511.8136291503906,905.7882080078125,0.0||cropped/UR4256_0.jpg
cropped/orig/32.jpg 1120.396728515625,903.548828125,1234.087890625,981.5645751953125,0.0||cropped/EE9_0.jpg
cropped/orig/33.jpg 402.57489013671875,788.672119140625,525.33154296875,875.70654296875,0.0||cropped/EE9_0.jpg 1797.6708984375,804.0211181640625,1859.7685546875,833.1087646484375,0.0||cropped/EE9_1.jpg
cropped/orig/34.jpg 206.05450439453125,571.16455078125,283.43450927734375,616.9544677734375,0.0||cropped/KR711_0.jpg 553.7079467773438,1007.16748046875,841.7504272460938,1087.77685546875,0.0||cropped/KR711_1.jpg
cropped/orig/35.jpg 271.27392578125,183.54043579101562,1033.6976318359375,551.1011352539062,0.0||cropped/KH9995_0.jpg 2.177764892578125,268.3448181152344,828.2725219726562,652.0691528320312,0.0||cropped/KH9995_1.jpg 371.09930419921875,316.75048828125,1127.143798828125,708.2398681640625,0.0||cropped/KH9995_2.jpg 564.3638916015625,210.7906494140625,1222.341796875,525.6558837890625,0.0||cropped/KH9995_3.jpg
cropped/orig/36.jpg 281.03619384765625,681.2265625,331.6350402832031,696.0845336914062,0.0||cropped/SF5782_0.jpg
cropped/orig/37.jpg 277.10662841796875,669.3353271484375,326.8175354003906,685.6473999023438,0.0||cropped/UP860_0.jpg 1026.9085693359375,589.5929565429688,1046.4403076171875,599.0100708007812,0.0||cropped/UP860_1.jpg
cropped/orig/38.jpg 1308.078369140625,980.7308349609375,1568.376953125,1144.3787841796875,0.0||cropped/M1UC1M_0.jpg 268.92303466796875,236.51058959960938,295.63665771484375,252.21432495117188,0.0||cropped/M1UC1M_1.jpg 1810.473388671875,467.898681640625,1890.53076171875,540.3839111328125,0.0||cropped/M1UC1M_2.jpg
cropped/orig/39.jpg 99.01126861572266,831.8026123046875,255.96792602539062,871.2906494140625,0.0||cropped/FV5848_0.jpg 549.9530639648438,987.5704345703125,823.0935668945312,1073.0853271484375,0.0||cropped/FV5848_1.jpg 1666.1722412109375,767.1170654296875,1709.8673095703125,808.6263427734375,0.0||cropped/FV5848_2.jpg
cropped/orig/40.jpg 36.62382507324219,600.1843872070312,204.19454956054688,644.6530151367188,0.0||cropped/TP4751_0.jpg 1003.5142822265625,723.8220825195312,1246.4525146484375,779.7237548828125,0.0||cropped/TP4751_1.jpg
cropped/orig/41.jpg 1518.792236328125,813.962158203125,1721.765869140625,909.861328125,0.0||cropped/AA456_0.jpg 0.0,568.7333984375,43.43788528442383,623.2032470703125,0.0||cropped/AA456_1.jpg
cropped/orig/42.jpg 375.6020812988281,954.2108154296875,607.9759521484375,1045.7867431640625,0.0||cropped/PJ6589_0.jpg
cropped/orig/43.jpg 1609.75439453125,428.011962890625,1805.3017578125,483.0419921875,0.0||cropped/W0RK_0.jpg 429.7764892578125,831.044677734375,772.3426513671875,951.945068359375,0.0||cropped/W0RK_1.jpg 1191.020751953125,310.2247314453125,1281.597412109375,339.7598876953125,0.0||cropped/W0RK_2.jpg 1210.156005859375,316.98193359375,1265.38330078125,336.777099609375,0.0||cropped/W0RK_3.jpg
cropped/orig/44.jpg 285.76007080078125,989.8193359375,458.6993713378906,1123.91259765625,0.0||cropped/RY9100_0.jpg 683.3488159179688,1165.99560546875,877.2374267578125,1214.26220703125,0.0||cropped/RY9100_1.jpg
cropped/orig/45.jpg 415.6058654785156,858.8441162109375,692.1017456054688,949.1983032226562,0.0||cropped/CURVE_0.jpg
cropped/orig/46.jpg 694.0165405273438,722.5997924804688,1123.078125,825.11279296875,0.0||cropped/HC3128_0.jpg 507.898681640625,332.57928466796875,1443.8509521484375,564.06787109375,0.0||cropped/HC3128_1.jpg
cropped/orig/47.jpg 909.0977172851562,870.65966796875,1299.195556640625,971.7822265625,0.0||cropped/JJ5557_0.jpg
cropped/orig/48.jpg 530.8284301757812,791.163818359375,842.2240600585938,865.79638671875,0.0||cropped/LK9_0.jpg 1269.835205078125,280.03179931640625,1306.38525390625,298.57037353515625,0.0||cropped/LK9_1.jpg 1639.51708984375,247.63760375976562,1664.041748046875,257.0334167480469,0.0||cropped/LK9_2.jpg
cropped/orig/49.jpg 188.24383544921875,771.9297485351562,300.8729553222656,830.367431640625,0.0||cropped/1383_0.jpg
cropped/orig/50.jpg 1516.74658203125,1041.73486328125,1691.025634765625,1095.785400390625,0.0||cropped/1383_0.jpg
cropped/orig/51.jpg 701.0115966796875,797.4217529296875,1017.22314453125,871.6185302734375,0.0||cropped/HWL888_0.jpg 1559.9849853515625,213.978759765625,1589.8643798828125,222.57293701171875,0.0||cropped/HWL888_1.jpg 1324.391845703125,200.08966064453125,1351.54833984375,210.6319580078125,0.0||cropped/HWL888_2.jpg
cropped/orig/52.jpg 371.9408264160156,411.84320068359375,469.7060852050781,468.71380615234375,0.0||cropped/2VP_0.jpg 1061.78125,760.92236328125,1387.050048828125,913.117919921875,0.0||cropped/2VP_1.jpg
cropped/orig/53.jpg 494.1021728515625,1062.050048828125,750.191650390625,1136.067626953125,0.0||cropped/EL322_0.jpg
cropped/orig/54.jpg 443.7445983886719,962.560546875,721.5491943359375,1038.9111328125,0.0||cropped/EC1820_0.jpg
cropped/orig/55.jpg 1400.5601806640625,863.8134765625,1599.6209716796875,930.52197265625,0.0||cropped/EC1820_0.jpg 56.78656768798828,622.2183837890625,184.30615234375,668.6893310546875,0.0||cropped/EC1820_1.jpg
cropped/orig/56.jpg 437.7325439453125,935.65673828125,737.63134765625,1026.6826171875,0.0||cropped/NL3409_0.jpg
cropped/orig/57.jpg 1111.88232421875,1059.8719482421875,1433.5302734375,1135.1956787109375,0.0||cropped/NL3409_0.jpg 721.8660888671875,430.73822021484375,763.225341796875,445.00018310546875,0.0||cropped/NL3409_1.jpg
cropped/orig/58.jpg 1835.3602294921875,311.24237060546875,1919.0,384.78411865234375,0.0||cropped/BULLETHA_0.jpg 375.0748291015625,891.5074462890625,581.5440063476562,1007.4691162109375,0.0||cropped/BULLETHA_1.jpg 0.0,227.921630859375,170.8885498046875,341.1285400390625,0.0||cropped/BULLETHA_2.jpg 17.374176025390625,313.68316650390625,138.68650817871094,404.28326416015625,0.0||cropped/BULLETHA_3.jpg 0.0,163.33053588867188,161.45626831054688,268.3570251464844,0.0||cropped/BULLETHA_4.jpg 0.0,80.24993896484375,154.12718200683594,188.90380859375,0.0||cropped/BULLETHA_5.jpg 0.0,11.61810302734375,164.60614013671875,121.79296875,0.0||cropped/BULLETHA_6.jpg
cropped/orig/59.jpg 930.9400024414062,835.4526977539062,1217.4439697265625,905.4722900390625,0.0||cropped/CAD11_0.jpg
cropped/orig/60.jpg 324.0155334472656,694.7203369140625,528.3348999023438,756.5383911132812,0.0||cropped/SC201_0.jpg 1849.0655517578125,616.4761962890625,1961.5927734375,688.9310302734375,0.0||cropped/SC201_1.jpg
cropped/orig/61.jpg 1128.6575927734375,759.2984619140625,1501.1021728515625,886.7457275390625,0.0||cropped/SW5209_0.jpg 1629.3189697265625,499.9920959472656,1711.8160400390625,530.701171875,0.0||cropped/SW5209_1.jpg
cropped/orig/62.jpg 517.73681640625,804.67236328125,800.8944091796875,897.4755859375,0.0||cropped/1112_0.jpg 992.3689575195312,384.584228515625,1029.7325439453125,402.7122802734375,0.0||cropped/1112_1.jpg 1430.9351806640625,384.48504638671875,1468.9871826171875,393.46929931640625,0.0||cropped/1112_2.jpg
cropped/orig/63.jpg 159.53807067871094,1046.8494873046875,234.5135955810547,1075.2591552734375,0.0||cropped/KY7170_0.jpg 149.3593292236328,1014.927001953125,246.00877380371094,1042.8017578125,0.0||cropped/KY7170_1.jpg 158.23101806640625,996.8001708984375,237.63421630859375,1034.4451904296875,0.0||cropped/KY7170_2.jpg 167.50225830078125,1049.9383544921875,208.17068481445312,1073.0423583984375,0.0||cropped/KY7170_3.jpg
cropped/orig/64.jpg 425.12017822265625,1000.41943359375,605.2387084960938,1073.788818359375,0.0||cropped/SPARK9_0.jpg 282.3509216308594,741.7186889648438,370.7316589355469,768.4149780273438,0.0||cropped/SPARK9_1.jpg
cropped/orig/65.jpg 1327.803955078125,842.886474609375,1525.336181640625,904.799560546875,0.0||cropped/SPARK9_0.jpg
cropped/orig/66.jpg 1280.21728515625,1200.836181640625,1433.560546875,1252.212890625,0.0||cropped/PS9597_0.jpg 98.61805725097656,949.7099609375,133.72946166992188,967.084228515625,0.0||cropped/PS9597_1.jpg
cropped/orig/67.jpg 600.0733032226562,1019.1392211914062,741.9200439453125,1108.72998046875,0.0||cropped/KL2013_0.jpg
cropped/orig/68.jpg 1249.3392333984375,1282.0655517578125,1387.0579833984375,1329.5364990234375,0.0||cropped/SK4255_0.jpg 203.84307861328125,183.22015380859375,1027.04931640625,563.0938110351562,0.0||cropped/SK4255_1.jpg
cropped/orig/69.jpg 283.1449279785156,1054.6478271484375,373.6953430175781,1084.9488525390625,0.0||cropped/PN3498_0.jpg
cropped/orig/70.jpg 505.9305725097656,903.427490234375,626.6490478515625,994.817138671875,0.0||cropped/SN3981_0.jpg 1209.901611328125,888.3292236328125,1444.074462890625,984.5931396484375,0.0||cropped/SN3981_1.jpg
cropped/orig/71.jpg 777.3800659179688,1082.868896484375,944.4472045898438,1178.571533203125,0.0||cropped/GL9699_0.jpg
cropped/orig/72.jpg 435.9844970703125,721.6256713867188,791.409912109375,824.153564453125,0.0||cropped/VH9920_0.jpg
cropped/orig/73.jpg 999.9420166015625,719.4058837890625,1357.6317138671875,801.1063842773438,0.0||cropped/LR320_0.jpg 171.5034942626953,551.4549560546875,280.2784729003906,594.6483764648438,0.0||cropped/LR320_1.jpg
cropped/orig/74.jpg 340.7842102050781,665.7263793945312,509.40618896484375,713.4989013671875,0.0||cropped/F4004_0.jpg 233.9604949951172,419.4835205078125,587.0994262695312,494.6644592285156,0.0||cropped/F4004_1.jpg 269.25787353515625,9.800491333007812,498.2441711425781,50.53581237792969,0.0||cropped/F4004_2.jpg
cropped/orig/75.jpg 885.6058959960938,659.5792846679688,940.1038818359375,683.0723266601562,0.0||cropped/F2321_0.jpg 848.1097412109375,489.07568359375,961.1512451171875,513.3865966796875,0.0||cropped/F2321_1.jpg
cropped/orig/76.jpg 556.3489379882812,408.1468505859375,757.2687377929688,448.5182800292969,0.0||cropped/F437_0.jpg 701.6861572265625,472.8446044921875,825.1647338867188,502.4587097167969,0.0||cropped/F437_1.jpg
cropped/orig/77.jpg 1880.8458251953125,518.9635620117188,1964.7769775390625,552.7715454101562,0.0||cropped/GC2013_0.jpg 319.12615966796875,799.9605712890625,493.2983093261719,913.8511962890625,0.0||cropped/GC2013_1.jpg
cropped/orig/78.jpg 1190.205078125,683.4172973632812,1567.34716796875,822.4592895507812,0.0||cropped/GW4403_0.jpg 1719.4847412109375,472.1144104003906,1788.1617431640625,519.2783203125,0.0||cropped/GW4403_1.jpg
cropped/orig/79.jpg 622.2666625976562,755.6483154296875,931.1619262695312,832.6646118164062,0.0||cropped/TL433_0.jpg
cropped/orig/80.jpg 971.6822509765625,1123.1531982421875,1372.60009765625,1224.55908203125,0.0||cropped/FX549_0.jpg 992.0735473632812,1142.4434814453125,1188.33740234375,1220.540283203125,0.0||cropped/FX549_1.jpg 1212.0731201171875,1114.8048095703125,1339.033935546875,1202.0106201171875,0.0||cropped/FX549_2.jpg
cropped/orig/81.jpg 457.94732666015625,370.1539306640625,1143.392578125,758.4669799804688,0.0||cropped/FV941_0.jpg 639.3582153320312,792.1461791992188,919.9281616210938,916.422607421875,0.0||cropped/FV941_1.jpg 541.171630859375,540.8340454101562,1153.2220458984375,874.9654541015625,0.0||cropped/FV941_2.jpg
cropped/orig/82.jpg 1720.2301025390625,879.1170654296875,1828.7064208984375,940.1652221679688,0.0||cropped/HT813_0.jpg 0.0,734.2658081054688,55.11474609375,775.4635009765625,0.0||cropped/HT813_1.jpg
cropped/orig/83.jpg 356.84808349609375,764.5216674804688,669.3035888671875,879.8923950195312,0.0||cropped/KZ1186_0.jpg
cropped/orig/84.jpg 572.0606689453125,1013.7212524414062,840.9624633789062,1174.676025390625,0.0||cropped/EU9637_0.jpg
cropped/orig/85.jpg 734.8031616210938,983.275146484375,1147.9349365234375,1075.907470703125,0.0||cropped/MR7988_0.jpg
cropped/orig/86.jpg 1395.645263671875,899.0723876953125,1545.76513671875,1005.6326904296875,0.0||cropped/ND907_0.jpg
cropped/orig/87.jpg 490.9210205078125,949.6510009765625,793.9703979492188,1035.8460693359375,0.0||cropped/SU4565_0.jpg
cropped/orig/88.jpg 614.44970703125,1041.6474609375,874.9935302734375,1169.826171875,0.0||cropped/UP8784_0.jpg
cropped/orig/89.jpg 1077.442138671875,750.2474365234375,1487.540771484375,911.090087890625,0.0||cropped/UA4540_0.jpg 1695.811767578125,502.6164855957031,1795.209228515625,537.753662109375,0.0||cropped/UA4540_1.jpg
cropped/orig/90.jpg 1424.7674560546875,970.8932495117188,1657.38232421875,1119.5235595703125,0.0||cropped/HJ8488_0.jpg 869.1399536132812,932.79736328125,1175.3642578125,994.6730346679688,0.0||cropped/HJ8488_1.jpg
cropped/orig/91.jpg 606.7950439453125,1114.971923828125,833.4411010742188,1236.4844970703125,0.0||cropped/SN8867_0.jpg
cropped/orig/92.jpg 425.3194274902344,1065.669677734375,796.7435302734375,1159.414306640625,0.0||cropped/ZER0E_0.jpg
cropped/orig/93.jpg 839.1351928710938,775.6500244140625,1248.1717529296875,871.2362060546875,0.0||cropped/SE2665_0.jpg
cropped/orig/94.jpg 114.81324768066406,982.8829956054688,389.40435791015625,1137.089111328125,0.0||cropped/RE3454_0.jpg
cropped/orig/95.jpg 594.6511840820312,1070.0411376953125,985.0681762695312,1156.2861328125,0.0||cropped/UA5709_0.jpg
cropped/orig/96.jpg 447.769775390625,1084.738525390625,649.1548461914062,1192.7110595703125,0.0||cropped/VV8079_0.jpg
cropped/orig/97.jpg 1075.4415283203125,837.596923828125,1430.37060546875,950.8308715820312,0.0||cropped/VB5285_0.jpg 1403.8729248046875,563.9329223632812,1702.51513671875,654.3692626953125,0.0||cropped/VB5285_1.jpg
cropped/orig/98.jpg 870.5227661132812,1159.991943359375,981.8325805664062,1228.6578369140625,0.0||cropped/ST2689_0.jpg 716.8707275390625,1152.9364013671875,846.2353515625,1232.33251953125,0.0||cropped/ST2689_1.jpg
cropped/orig/99.jpg 983.9296264648438,826.7673950195312,1481.3792724609375,1078.476318359375,0.0||cropped/NX1068_0.jpg 649.4295043945312,159.4094696044922,728.4569702148438,188.96612548828125,0.0||cropped/NX1068_1.jpg 666.6671752929688,164.49095153808594,715.29833984375,184.54824829101562,0.0||cropped/NX1068_2.jpg
cropped/orig/100.jpg 1290.827880859375,690.61474609375,1565.468017578125,799.7822265625,0.0||cropped/JL93_0.jpg 156.2618865966797,569.5358276367188,234.1564178466797,608.9243774414062,0.0||cropped/JL93_1.jpg 1658.722900390625,532.5001220703125,1694.9169921875,560.0799560546875,0.0||cropped/JL93_2.jpg 172.0076141357422,577.505126953125,214.04344177246094,606.5049438476562,0.0||cropped/JL93_3.jpg
cropped/orig/101.jpg 886.5824584960938,1188.409912109375,1007.378173828125,1250.553955078125,0.0||cropped/NH203_0.jpg 1022.5773315429688,1193.990478515625,1142.9674072265625,1263.497802734375,0.0||cropped/NH203_1.jpg 882.4053344726562,1175.036376953125,1178.2491455078125,1263.506103515625,0.0||cropped/NH203_2.jpg
cropped/orig/102.jpg 558.67822265625,836.3795166015625,990.2183837890625,1071.0869140625,0.0||cropped/GZ6022_0.jpg 649.4165649414062,159.4218292236328,728.4798583984375,188.99526977539062,0.0||cropped/GZ6022_1.jpg 455.70361328125,848.9739990234375,1621.1494140625,1128.2635498046875,0.0||cropped/GZ6022_2.jpg 666.6943359375,164.4910888671875,715.3104858398438,184.54653930664062,0.0||cropped/GZ6022_3.jpg
cropped/orig/103.jpg 566.12060546875,1251.6119384765625,990.2996826171875,1499.9970703125,0.0||cropped/TX7282_0.jpg 648.9857788085938,159.22552490234375,728.9705200195312,189.13365173339844,0.0||cropped/TX7282_1.jpg 520.1448974609375,880.407958984375,1438.365478515625,1102.4447021484375,0.0||cropped/TX7282_2.jpg 666.5612182617188,164.52154541015625,715.3201293945312,184.61590576171875,0.0||cropped/TX7282_3.jpg
cropped/orig/104.jpg 298.05889892578125,969.9325561523438,600.0526733398438,1144.330078125,0.0||cropped/FC205_0.jpg 342.1138916015625,998.0390014648438,546.5,1109.2860107421875,0.0||cropped/FC205_1.jpg
cropped/orig/105.jpg 685.5130004882812,829.7008666992188,787.615966796875,863.0958251953125,0.0||cropped/FC603_0.jpg
cropped/orig/106.jpg 570.6138305664062,1108.0875244140625,1239.862548828125,1269.0347900390625,0.0||cropped/CJ6660_0.jpg 649.255859375,159.3321533203125,728.672119140625,189.04476928710938,0.0||cropped/CJ6660_1.jpg 581.8734741210938,852.2083740234375,1487.826416015625,1120.493408203125,0.0||cropped/CJ6660_2.jpg 666.6421508789062,164.49356079101562,715.3054809570312,184.57012939453125,0.0||cropped/CJ6660_3.jpg
cropped/orig/107.jpg 668.2197875976562,1049.48974609375,896.5162963867188,1164.320556640625,0.0||cropped/TT8200_0.jpg 116.62378692626953,569.7689208984375,208.1089324951172,595.1942749023438,0.0||cropped/TT8200_1.jpg
cropped/orig/108.jpg 464.8871765136719,1012.5309448242188,685.3147583007812,1120.3294677734375,0.0||cropped/PE2226_0.jpg
